9798341662681
9781098140632
9781633434530
9781633439108
9781807789930
9781808344053
9798868825125
9781806029570
9781098163532
9781633436732
9781807789893
9780857088079
9781394160303
9780857085399
9780128122761
9781484224021
9781593271442
9780137909261
9781633439702
9781806112197
9781837027330
0642572230241
9781836209478
9798341660113
0642572230289
9781633436411
9781633434929
0642572230326
0642572230227
0642572230302
0642572380977
0642572230272
0642572380953
0642572230234
0642572230166
9781394273935
9798868824395